0.008254
0.016507
0.008254
0.000000
1.174380
0.108586
0.621214
0.530079
0.332042
0.500465
0.240750
0.068507
0.140847
0.493097
0.871985
0.016507
0.043448
0.032807
0.268204
0.000000
0.000000
0.000000
0.000000
0.000000
0.278757
0.000000
0.211905
0.484393
0.193255
0.705875
0.770115
1.238708
0.016507
0.116697
0.000000
0.488297
0.015051
0.299589
0.000000
0.145839
0.835508
0.201971
0.252207
0.008254
0.093125
0.031554
0.000000
0.222454
0.906773
0.234810
0.008254
0.404819
0.187227
0.016507
0.327595
0.327055
0.674880
1.049342
0.620224
0.125825
0.118098
0.276328
0.021297
0.475621
0.207708
1.035567
0.781434
0.565085
0.381697
0.043448
0.139961
0.648450
0.000000
0.115477
0.000000
0.000000
0.989136
0.036342
0.485067
0.195431
0.000000
0.023303
0.299935
0.224717
0.656124
0.087215
0.143916
0.700907
0.008254
0.135687
0.027186
0.000000
0.000000
