0.057685
0.043270
0.028850
0.040497
0.087043
0.040497
0.113606
0.645123
0.185176
0.331173
0.082039
0.043270
0.040497
0.274660
0.072096
0.043270
0.043270
0.026078
0.040497
0.000000
0.000000
0.000000
0.043270
0.040497
0.040497
0.040497
0.026078
0.054912
0.028850
0.261618
0.325939
0.492041
0.036678
0.040497
0.043270
0.454310
0.040497
0.066551
0.040497
0.040497
0.040497
0.043270
0.000000
0.000000
0.000000
0.000000
0.040497
0.040497
0.054912
0.054912
0.040497
0.130538
0.043270
0.043270
0.105426
0.040497
0.307178
1.146964
0.377731
0.043270
0.052140
0.072096
0.069323
0.371670
0.069323
0.065504
0.092588
0.040497
0.043270
0.043270
0.026078
0.342639
0.040497
0.054912
0.040497
0.043270
0.069323
0.040497
0.028850
0.054912
0.043270
0.043270
0.036678
0.596226
0.043270
0.040497
0.040497
0.404634
0.043270
0.000000
0.000000
0.000000
0.000000
