0.031479
0.062933
0.031479
0.000000
1.120085
0.214769
0.737813
0.586845
0.333544
0.493392
0.229058
0.087430
0.109286
0.627382
0.985456
0.031479
0.031479
0.031479
0.239060
0.000000
0.000000
0.000000
0.000000
0.000000
0.278769
0.000000
0.226968
0.568087
0.109286
0.675412
0.857234
1.121287
0.000000
0.109286
0.000000
0.478444
0.031479
0.270255
0.000000
0.077883
0.738436
0.285170
0.301424
0.000000
0.077883
0.000000
0.000000
0.212982
0.839501
0.297473
0.000000
0.366925
0.278769
0.000000
0.333933
0.362900
0.644296
1.185776
0.766870
0.098039
0.148259
0.245683
0.031479
0.527702
0.229058
1.034602
0.853822
0.481591
0.468672
0.031479
0.151714
0.657172
0.000000
0.094362
0.000000
0.031479
0.924021
0.031479
0.481019
0.183521
0.000000
0.031479
0.268415
0.285371
0.634179
0.214769
0.198515
0.630581
0.000000
0.109286
0.031479
0.056002
0.000000
