0.014427
0.043270
0.014427
0.014427
0.129523
0.014427
0.967167
0.724250
0.403139
0.316930
0.069323
0.028850
0.014427
0.816637
0.028850
0.014427
0.014427
0.014427
0.014427
0.000000
0.000000
0.000000
0.014427
0.014427
0.014427
0.014427
0.028850
0.014427
0.014427
0.266420
0.232999
0.382681
0.014427
0.014427
0.014427
0.508396
0.014427
0.014427
0.014427
0.070409
0.014427
0.014427
0.000000
0.000000
0.000000
0.000000
0.014427
0.014427
0.028850
0.028850
0.000000
0.148860
0.014427
0.014427
0.149108
0.014427
0.273059
1.182980
0.385916
0.014427
0.014427
0.014427
0.028850
0.305665
0.054912
0.028850
0.101442
0.014427
0.028850
0.014427
0.014427
0.283159
0.014427
0.014427
0.014427
0.014427
0.014427
0.014427
0.014427
0.028850
0.014427
0.014427
0.000000
0.594460
0.014427
0.014427
0.014427
0.331173
0.014427
0.000000
0.000000
0.000000
0.000000
