0.003932
0.013800
0.008177
0.008491
0.456611
0.034653
0.770037
0.471028
0.396070
0.490785
0.200179
0.066475
0.124537
0.520645
0.166564
0.012109
0.011678
0.000000
0.015414
0.009360
0.000000
0.000000
0.004245
0.008491
0.021001
0.006368
0.006368
0.195260
0.022414
0.661134
0.520382
1.282826
0.026110
0.213295
0.003932
0.627535
0.007238
0.143452
0.000000
0.068845
0.055905
0.004245
0.000000
0.000000
0.006055
0.006368
0.002123
0.006368
0.029923
0.027418
0.000000
0.366988
0.021632
0.013040
0.306027
0.207382
0.556669
1.450482
0.668741
0.151933
0.009868
0.171200
0.032838
0.388526
0.311991
0.488859
0.664010
0.010917
0.056600
0.018879
0.004245
0.642281
0.002123
0.042048
0.002123
0.002123
0.109286
0.014232
0.021632
0.025296
0.002123
0.011991
0.015344
0.086120
0.063171
0.031631
0.096785
0.704081
0.010613
0.047086
0.002123
0.002123
0.017850
