0.737775
0.000000
0.401316
0.449066
0.918217
0.900693
0.000000
0.087043
0.718124
0.652310
0.960603
0.108199
0.617138
0.196032
0.294272
0.115837
0.104541
0.051093
0.361996
0.000000
0.000000
0.000000
0.263865
0.062732
0.062732
0.000000
0.122451
0.381082
0.102457
1.090499
0.443858
1.050010
0.054912
0.079405
0.046594
0.763813
0.077139
0.216136
0.051093
0.051093
0.051093
0.083730
0.000000
0.000000
0.000000
0.000000
0.051093
0.114075
0.051093
0.061006
0.065002
0.227876
0.054912
0.101442
0.094314
0.200881
0.264394
0.923341
0.480904
0.069323
0.077139
0.079911
0.065504
0.154451
0.066551
0.816643
0.243359
0.079405
0.000000
0.051093
0.069323
0.773973
0.051093
0.080958
0.036678
0.051093
0.096438
0.054912
0.051093
0.051093
0.066551
0.057685
0.065504
0.551017
0.054912
0.040497
0.051093
0.471086
0.046594
0.000000
0.000000
0.000000
0.000000
