0.031479
0.000000
0.000000
0.000000
0.453191
0.000000
0.611632
0.480565
0.333544
0.500402
0.167944
0.031479
0.094362
0.595947
0.166069
0.000000
0.031479
0.000000
0.000000
0.000000
0.000000
0.000000
0.000000
0.031479
0.000000
0.000000
0.000000
0.077883
0.000000
0.685442
0.618612
1.219887
0.031479
0.140664
0.000000
0.626869
0.000000
0.077883
0.000000
0.077883
0.031479
0.031479
0.000000
0.000000
0.000000
0.000000
0.000000
0.000000
0.000000
0.031479
0.000000
0.356843
0.031479
0.000000
0.333544
0.216464
0.509345
1.433148
0.682891
0.166069
0.000000
0.240807
0.000000
0.331785
0.129417
0.438561
0.481913
0.031479
0.062933
0.087430
0.000000
0.557141
0.000000
0.000000
0.031479
0.000000
0.056002
0.000000
0.031479
0.031479
0.000000
0.031479
0.000000
0.056002
0.077883
0.077883
0.000000
0.682659
0.031479
0.098039
0.000000
0.031479
0.000000
